0 0.5034046018542337 0.4226283796808936
1 0.28292429148842974 0.26801019636067475
2 0.22348123327020772 0.21754954077980734
3 0.19143975242695285 0.18926314264535904
4 0.1696598881609307 0.17095231738957492
5 0.15302556944503026 0.15730568902059036
6 0.13953015064928403 0.14637904140082272
7 0.12847511821449542 0.1373277079652656
8 0.11931322093529642 0.129654755985195
9 0.11158785604802537 0.12304588475010612
10 0.10495862556575251 0.11727080426432869
11 0.09919335212758627 0.11219166625629771
12 0.09411747830511986 0.10771694203669374
13 0.08959717270033049 0.1037102494050156
14 0.08553608454117351 0.10015895827250047
15 0.08186811582793381 0.09697579931129109
16 0.07852493943569581 0.09410821951248428
17 0.07547516177739363 0.09150563078847798
18 0.07268210781107018 0.0891687043688514
19 0.0700895450008679 0.08703520758585497
20 0.06770774341257643 0.08510502089153636
21 0.06549376629154421 0.08334593915126541
22 0.06341352452916547 0.08169471574100581
23 0.061484667086927604 0.08023844117468054
24 0.059671279878840466 0.07885741781104695
25 0.057983798365116364 0.07758087935772809
26 0.0563811704893558 0.07641123404557054
27 0.054886729769747365 0.07530052519657394
28 0.05346829625816384 0.07430553436279297
29 0.05213471095631869 0.0733450163494457
30 0.05087851117719119 0.0724898622455922
31 0.04967161410041769 0.07163573090325702
32 0.048543152982399855 0.07084386643360961
33 0.04745634416857165 0.07014434191990983
34 0.04642122981815853 0.06944930790500208
35 0.045431278665234484 0.06880152767354791
36 0.04451231294511702 0.06820576485585082
37 0.043620965341183024 0.06762656654146584
38 0.04311026384445939 0.0671211476014419
39 0.04225080692755782 0.06659718467430635
40 0.041361879533125964 0.06611875461583788
41 0.04052085231466234 0.06562314690514044
42 0.03968658829762115 0.06509150683202526
43 0.03897725818216924 0.06471313265236942
44 0.03832576771590027 0.06431971168653532
45 0.0377161335284737 0.06393731402402575
46 0.03731555264358494 0.06363790516148914
47 0.03695406699861007 0.06330280124463818
48 0.03619042964005643 0.06293516639958728
49 0.035573660750480844 0.06241257658058947
50 0.03497614631283074 0.06220654228871519
51 0.03443305797466993 0.06192466023970734
52 0.033958973107890277 0.06162922947921536
53 0.03370839001934144 0.06134017624638297
54 0.033174840803835384 0.061107244681228294
55 0.03263055500689863 0.06068406254053116
56 0.03199748528259229 0.060514330355958504
57 0.03160279402624785 0.06024337068877437
58 0.031324142216481575 0.06000945818695155
59 0.030828903038208642 0.05969902805306695
60 0.030342173949268855 0.05945990268479694
61 0.030024312912632734 0.059335819868878883
62 0.029990453345023774 0.05919437161223455
63 0.029601173486160346 0.058780096132646904
64 0.02888213222623179 0.058567567643794144
65 0.028478881849884247 0.058274663646112786
66 0.028157871034504338 0.05818111415613781
67 0.02794690884915296 0.057983534410595894
68 0.027802157266188628 0.05776441198858348
69 0.027704919669161405 0.0575839431787079
70 0.0275108239496096 0.05757234042341059
71 0.027023072707782352 0.0572528290477666
72 0.026961513438785435 0.05706605196676471
73 0.02659119645610821 0.057025315409356896
74 0.025947400905222687 0.05664587224071676
75 0.025726364730965068 0.05659272978928956
76 0.025380395480608643 0.05633702129125595
77 0.025125716980123385 0.056100291115316475
78 0.024842405621316437 0.05603578381917693
79 0.02450064382850662 0.05582291294227947
80 0.024324991621946807 0.055690248581496155
81 0.024074453963851942 0.055345783856782044
82 0.023830610855043795 0.055581166154958984
83 0.023841647880944648 0.05529112842949954
84 0.023622638926348718 0.05515020171349699
85 0.023488411128574842 0.05546125227754766
86 0.02339482584983603 0.055103340948169884
87 0.023094012305979454 0.054783321070400154
88 0.022806741832563083 0.0548038360747424
89 0.022457045682105582 0.05484488911249421
90 0.022269385435603067 0.05467766591093757
91 0.02221760302608879 0.054311123422601006
92 0.021846585492180152 0.054063478146087036
93 0.021787992063794316 0.05449721352620558
94 0.02204682869059303 0.0551766978407448
95 0.02176799682615525 0.05403262173587626
96 0.021400154144926506 0.054703561758453194
97 0.021473809504258055 0.05777871845798059
98 0.02147364300167696 0.053712721575390206
99 0.020997839968282084 0.05375050025230104
100 0.02084614346669756 0.05499207956547087
101 0.02074844734435362 0.05665137263184244
102 0.020799744401265644 0.05735224840993231
103 0.02061588447598725 0.05924480679360303
104 0.02012052449574771 0.052812361073764885
105 0.019904345653042936 0.05300710502673279
106 0.01985061376082349 0.053777261383154175
107 0.01978332001508083 0.053053613413463936
108 0.019596921041423132 0.0524646710943092
109 0.02002323435519414 0.0527244990860874
110 0.019986520716843526 0.0569546390324831
111 0.019367145639190005 0.0534240146252242
112 0.01904828967430344 0.052978463132273064
113 0.019621190062554722 0.06011578593064438
114 0.01895053994722572 0.05612141791392456
115 0.01862835330322908 0.05183537270535122
116 0.018443647010659814 0.051894856955517425
117 0.018356649941295263 0.05178872580555352
118 0.018378683793443172 0.053073149513114586
119 0.018441087431813136 0.05470478924160654
120 0.018224244562077743 0.05149059522558342
121 0.018149447289664944 0.052871395579793236
122 0.0179259454717952 0.05145370858636769
123 0.0177275343099609 0.05151313306255774
124 0.017998773934442765 0.05343854528936473
125 0.01784376851225287 0.05156017416580157
126 0.018060416551999563 0.05343862267380411
127 0.017666149444200776 0.05256509120491418
128 0.01788635046475313 0.054600104689598083
129 0.017948759539814837 0.060231647538867866
130 0.01733754426606523 0.05145972188223492
131 0.016989178109090498 0.051051187752322716
132 0.016891242077858918 0.05096763914281672
133 0.0167980114352112 0.051748745143413544
134 0.01676384301987007 0.05120365440168164
135 0.016797258763974303 0.050771020352840424
136 0.016643238675680534 0.05071648769080639
137 0.016510129516774958 0.05070284787904133
138 0.01650759339205582 0.05207431875169277
139 0.016395563862194144 0.050434853712266144
140 0.01682854615910025 0.05413570136509158
141 0.01647424845906236 0.051915020935914734
142 0.0166010023752797 0.050927079198035324
143 0.01680902292555552 0.056568036025220696
144 0.01678334084504923 0.05351704206656326
145 0.01654784559168322 0.05142457715489648
146 0.016135796279384763 0.05166113393550569
147 0.015895810769678456 0.0524063863876191
148 0.015753022456072147 0.05096323788166046
149 0.015595351948695303 0.05002604560418562
150 0.015495476142257021 0.05015757256610827
151 0.015421588569764078 0.04981877756389705
152 0.015323549068017193 0.04983137734234333
153 0.015512262700002425 0.05060726387256926
154 0.015875339261564033 0.05243568207052621
155 0.015732928488234228 0.04996115883642977
156 0.01568045580955915 0.049836181442845955
157 0.015555744250266512 0.050044161013581535
158 0.015462912082064066 0.05229949104514989
159 0.015388092472148705 0.05508714101531289
160 0.015001204515968964 0.050191568210721016
161 0.01479349619793621 0.049375936219638046
162 0.014599482633158072 0.04920053295791149
163 0.014588312496246448 0.049337156963619316
164 0.01468108102490679 0.04953878051178022
165 0.01488323075146499 0.05241459760476242
166 0.014980356492032875 0.049849669872359795
167 0.014914363448908322 0.0497498173605312
168 0.014492847059068293 0.04966165040704337
169 0.014615947718170187 0.051518712362105194
170 0.014331332303214171 0.04951706935058941
171 0.014637677267594032 0.04945092902264812
172 0.014371236326934938 0.05044108036566864
173 0.014485632700360697 0.05066895027729598
174 0.014634307988626836 0.054434132846918976
175 0.014396688241650126 0.049643040719357406
176 0.014278027247098729 0.04911084320734848
177 0.013954782646441878 0.048936070197007873
178 0.013793029008656432 0.049243627454746856
179 0.014154655122667675 0.05030816251581365
180 0.014336319317971934 0.05212083425034176
181 0.014216140788125475 0.04911513067781925
182 0.013943210506257563 0.049395919015461746
183 0.013812112188243792 0.04877645607021722
184 0.013883565487878875 0.04861394061960957
185 0.013725855576320866 0.048718675124374305
186 0.013709630364983166 0.04856484857472507
187 0.013686729373587373 0.04970212483947927
188 0.013632763327438046 0.04874227805571123
189 0.013611685378623218 0.04894459992647171
190 0.013447939059966482 0.048416325483809815
191 0.013249649609677679 0.04842135140841657
192 0.01336136031992087 0.04858956892382015
193 0.013493710725321935 0.05181894688443704
194 0.013162797924962418 0.04817097854207863
195 0.013292737758318194 0.048734446479515595
196 0.013162912057389405 0.04833518019454046
197 0.013233729459784063 0.048539071597836235
198 0.01338845481133966 0.04844426549971104
199 0.013329591009812045 0.0485159388997338
200 0.013113625081109791 0.04900617304850708
201 0.012915873794608618 0.047886096449060875
202 0.013050564493953197 0.048470419069582764
203 0.013141410914634562 0.048953597179868004
204 0.013283172391801457 0.05100502412427555
205 0.012977366907760685 0.04909514483403076
206 0.012919415157165163 0.04945616034621542
207 0.013158785880058388 0.048168319362131035
208 0.012983050845632683 0.04819784008643844
209 0.012554828889383203 0.047621665014462036
210 0.012416567807740047 0.04822967218404466
211 0.012445031144571576 0.047907133332707665
212 0.01245884248478846 0.04772698066451333
213 0.01276481370576311 0.04906094700775363
214 0.012622865236726058 0.04815408976917917
215 0.01236102064813618 0.04768442379480058
216 0.01241077526822717 0.047535433349284256
217 0.01238116244054284 0.047581569545648315
218 0.01263860473293842 0.049172288992188194
219 0.012502041012279627 0.05022727037695321
220 0.012503511653366413 0.04778004623949528
221 0.01256290448902652 0.04781378704038533
222 0.012175930224066553 0.047501914033835586
223 0.011944693749316407 0.047831549563191154
224 0.011906901031178384 0.047179656103253365
225 0.011923331066327215 0.04713826304809614
226 0.012078333084571583 0.048024266958236694
227 0.012043938098652365 0.047380272299051285
228 0.01191796378024723 0.0473980839279565
229 0.01196424838190144 0.04715008068491112
230 0.012111918753867369 0.047586511481891976
231 0.01232557078123031 0.0481158047914505
232 0.012026674144377948 0.04914045689458197
233 0.011989321511562082 0.04713287424634804
234 0.01225333779257499 0.047426766123283996
235 0.011874219426723613 0.04717774079604582
236 0.011581836281871531 0.04740975153717128
