0 592.2661329483752 550.2638939993722
1 336.1846218599588 321.7381441388811
2 264.4273301884403 262.3513632638114
3 226.42294764367404 219.51224822998046
4 201.10679003013328 194.66380168369838
5 180.5298932102878 183.5624133518764
6 167.2901295448959 172.62143456595285
7 160.5962855006599 164.89184156145367
8 153.5168534483582 163.20812094552176
9 147.9493273343575 152.17185265677315
10 139.93706720255733 156.43664409092494
11 136.5574355268162 138.85485196794784
12 131.2854993869924 146.02374343872071
13 124.94220085736994 134.44016254970006
14 123.45729697644883 135.99651347569056
15 121.47623474079958 133.4566665649414
16 123.45894346956703 132.83018139430456
17 117.69261762088802 131.5892070225307
18 116.11761683614283 130.56733877999443
19 112.12521174624004 126.42790222167969
20 114.301488862654 125.41197291782925
21 109.23064168852599 127.49374051775251
22 106.7095240805786 126.49815946306501
23 105.20162182361902 122.63786392211914
24 103.95116637761512 122.44772535051618
25 104.51234525552184 119.16598216465542
26 107.55614177137183 117.91758738926478
27 100.30858671259344 119.79194652012416
28 99.37726231737076 117.16441677638463
29 102.64226441894455 126.3114367893764
30 98.4785115326751 114.3802371433803
31 98.89427805363066 120.16307961600167
32 95.4390528929832 113.96511393955775
33 94.85473100776557 111.11040137154716
34 96.27479602952809 115.21587300981794
35 93.08812998972115 114.68782920837403
36 93.99026130329854 112.90299246651786
37 89.07600852460168 110.55147966657366
38 92.21387704833697 110.82636707850865
39 91.77744862813861 114.8141854422433
40 90.15769835524111 105.82586375645229
41 89.12322878720646 111.79807096208845
42 91.02138564284661 108.48450219290596
43 87.3008458740575 107.65924846104213
44 87.76347248862399 111.52781600952149
45 86.33854227955466 108.70199187142508
46 86.76546503967174 104.80161890302385
47 85.55356593535804 107.52970270429338
48 82.75375692151698 105.51217803955078
49 84.7506445414815 105.36879239763532
50 86.65305807823675 108.46840068272182
