0 0.5382672656342 0.5143011693443571
1 0.26100255275145173 0.26176117211580274
2 0.20399321358917014 0.20626230154718672
3 0.1717484076221945 0.17517955132893154
4 0.14864283632414488 0.15308283769658634
5 0.13135010948646572 0.13653616213372777
6 0.11818649360365778 0.12386734198246684
7 0.10794606730741049 0.11389712946755545
8 0.09974430439038226 0.10583212045686585
9 0.09300531731857979 0.09916896617838315
10 0.08733772196250593 0.09354002060634749
11 0.08252352139053794 0.08872665145567485
12 0.07829116753689558 0.08450136291129248
13 0.07456429854833654 0.0807683105979647
14 0.07121765927593042 0.0774240214909826
15 0.06823234960327965 0.07441427516085761
16 0.06551445680355968 0.07169993775231498
17 0.06306630899857536 0.06921549285096781
18 0.06080791162774451 0.06694133702133383
19 0.058719686729434346 0.06484283884721143
20 0.056826678329607014 0.06292350244309221
21 0.0551287826885433 0.06118092036673001
22 0.05354555019600825 0.05958365329674312
23 0.05221656276136879 0.05816243227039065
24 0.050843916197379976 0.05680446677974292
25 0.04945176926520109 0.0555011374609811
26 0.04821584050779461 0.05424718952604703
27 0.047054040427198754 0.053089953320367
28 0.04597515098478452 0.05198513120412827
29 0.044966633771425235 0.05095609101865973
30 0.0440134251969806 0.0499833877065352
31 0.04312172485279621 0.04907192231288978
32 0.04226870653606564 0.04819384589791298
33 0.04147022236362342 0.04735228339476245
34 0.0407197079849248 0.046570579281875066
35 0.040006182137967465 0.04582886073206152
36 0.039324455935108873 0.045131734173212736
37 0.038678943083149855 0.04446495148752417
38 0.03805707413721346 0.04383530073932239
39 0.03749304227667026 0.04324370250105858
40 0.037016179605671384 0.042668678079332625
41 0.03653842824223971 0.04219174252024719
42 0.0359249623544369 0.04159475341439247
43 0.0353952470053193 0.04106217899492809
44 0.034878214364175916 0.040554980880447795
45 0.03438906563805755 0.04007406889327935
46 0.033942329958988375 0.039636209181376864
47 0.033498839063315904 0.03920433856546879
48 0.03304226079329776 0.038742413691111977
49 0.03262884871707625 0.03831057048269681
50 0.03221181811308246 0.03786899149417877
51 0.0318422030875544 0.03745932610971587
52 0.031482290266045404 0.037085789069533345
53 0.03114646056391807 0.03671683562653405
54 0.030806194258303467 0.03636723948376519
55 0.030464740116149188 0.036023178536977084
56 0.030182468296790665 0.03570564671286515
57 0.029966152395883745 0.03541517981461116
58 0.029641881790223784 0.03512387073465756
59 0.029304083249828018 0.034789051062294414
60 0.02902215694452261 0.034487951600125855
61 0.02870626769636383 0.03418991885014943
62 0.02848470108133027 0.03398742830114705
63 0.028329974613545535 0.03378112039395741
64 0.028065687671829886 0.03355892433651856
65 0.027723933184011416 0.033216249463813644
66 0.027626926664885906 0.03307332673243114
67 0.027334579746027224 0.032792825198599274
68 0.02698032481003214 0.03245037884584495
69 0.026775808699743508 0.0321689925555672
70 0.026579821716854954 0.032001773773559505
71 0.026325165505654044 0.03174604419618845
72 0.02612792554102814 0.03151018696704081
73 0.025986368661571002 0.03130729653473411
74 0.025810212409547107 0.03112804408052138
75 0.02563341055364747 0.03092476621802364
76 0.0254174468304974 0.030693323058741433
77 0.025279297901970612 0.030518989956804684
78 0.025173782588393947 0.03031608747052295
79 0.025072093379847078 0.030264725615935666
80 0.024718329307060787 0.029985229671001434
81 0.02465900697379506 0.029870461326624666
82 0.024354727174300556 0.029548633604177407
83 0.024145031877636135 0.029379949026874134
84 0.023971934168260885 0.02919331437775067
85 0.023787772520898854 0.029034891937460217
86 0.023674495664346575 0.028895945660769938
87 0.023543428635533124 0.02874664246503796
88 0.02350382923596091 0.028632082497434957
89 0.023317573975904712 0.028492719759898526
90 0.023153251150514108 0.028293715896350997
91 0.02298721125155881 0.028159093989857605
92 0.022946076568355178 0.028087030909955502
93 0.022919329769286484 0.028108113259077073
94 0.022748939117806805 0.027953618711658888
95 0.022587242547691764 0.027760344717119422
96 0.02243994397862645 0.027623131951051098
97 0.02233678759464256 0.027483215236238073
98 0.022387595608824404 0.027470528627080576
99 0.022334899823801206 0.027305699858282295
100 0.022040456782303774 0.027108953893184663
101 0.02193701391200559 0.02701110102768455
102 0.021758684524102137 0.02681373009192092
103 0.02164626566916946 0.026689285864787443
104 0.021631316477599156 0.026635845590915
105 0.021504694926567595 0.026539413817226888
106 0.021333791474394452 0.026339015258210047
107 0.021145586512616967 0.02616737617978028
108 0.020999998516847633 0.02605132609605789
109 0.02095400965400645 0.025987375953367777
110 0.020774449884344206 0.025805244807686124
111 0.020647634939583888 0.025686574008847985
112 0.02054426847765065 0.02554735711642674
113 0.02046063636051636 0.025475055165588855
114 0.020454753359126582 0.025422230176627637
115 0.02030534530031289 0.025340966321527957
116 0.020187471529798485 0.025178166212780136
117 0.0200592177056907 0.02512306533753872
118 0.019967658246425886 0.02497469149529934
119 0.019890985090554654 0.024952892693025724
120 0.01983506513126013 0.024822223053446838
121 0.01975112066072013 0.024820664338767527
122 0.019702097093520155 0.024683981708117895
123 0.019726218941240485 0.02472132822232587
124 0.019622640283823666 0.024594294758779663
125 0.019491282673250256 0.024460201870117868
126 0.019318283148527193 0.02431113331445626
127 0.019236344363700673 0.024187416157552172
128 0.01928396529741827 0.024210651139063493
129 0.019286729273758223 0.024133932058300292
130 0.019144424766713342 0.024085893774671213
131 0.01901812190401622 0.023892223888209888
132 0.018958871683571486 0.023900627877031053
133 0.01890887315363877 0.02377836486058576
134 0.018755128164775668 0.023720285535923074
135 0.018687296916138043 0.023628622479736804
136 0.0185955856191962 0.02356149833649397
137 0.018530318883274888 0.023471679644925254
138 0.018578241058888348 0.023522418923676014
139 0.01848608964549184 0.023403017994548594
140 0.01831103109403864 0.023249085912747044
141 0.018260762927548767 0.02314859753740685
142 0.018199435341513606 0.023112112789281776
143 0.018263586832349514 0.02308517558766263
144 0.018264232869123945 0.023098057215767246
145 0.018131768327182184 0.023018563804881913
146 0.018065136632104947 0.022879215702414513
147 0.018041132596146026 0.022934842641864503
148 0.018074341904532238 0.022867016707147872
149 0.018007344077779704 0.022870784359318868
150 0.017915889020365144 0.022779310920408795
151 0.01797383018016404 0.022872864055846417
152 0.01786209152709064 0.022719512773411613
153 0.017767398997978006 0.02265857867896557
154 0.01758353291360613 0.022446193200136935
155 0.017506302087552626 0.022384967495288167
156 0.017437744321522314 0.022261787126106877
157 0.01741849112643425 0.022251220233738423
158 0.017460091971586662 0.02223192621022463
159 0.0173887884157994 0.02219976064349924
160 0.017299781166812307 0.022085525946957726
161 0.01719968411407748 0.022021115172122206
162 0.017137953493375234 0.021922528264778002
163 0.017055340386388895 0.02189564063612904
164 0.016998610435123254 0.02179533126098769
165 0.017000320413703245 0.02183303471122469
166 0.016915975711595678 0.02169692066631147
167 0.01691507708412813 0.021748188164617335
168 0.016846445928669424 0.021627029670136317
169 0.01676763484125969 0.021615733738456454
170 0.016775932538598267 0.021527714947504658
171 0.01669644115498749 0.021514267607459
172 0.016688065632101293 0.021444587356277873
173 0.016599520173380393 0.021412243720676218
174 0.016586744821609253 0.021346885498080934
175 0.016490616552643597 0.021309894589441162
176 0.01646649485645973 0.0212225684097835
177 0.01643276428339652 0.021226470065968377
178 0.016386698104649808 0.02110983891678708
179 0.01637496310187951 0.021137381105550697
180 0.016308385735519786 0.021015899974320615
181 0.016270728054813218 0.02105867527425289
182 0.016218552704758384 0.0209427378273436
183 0.016156765726023026 0.0209187137229102
184 0.016111807034369076 0.02085993622562715
185 0.01608575668045344 0.020852293020912578
186 0.016036400868490872 0.02076004839369229
187 0.01607108904966516 0.020824423991143703
188 0.016051127341811775 0.020761995815805026
189 0.015986808124950833 0.020761257010911194
190 0.01592303261570572 0.02064182846141713
191 0.015866087964001147 0.020592778575207506
192 0.01588107726193493 0.0205169997044972
193 0.01576589697049689 0.020478105039468834
194 0.015737287194449938 0.020387436369700092
195 0.015611942515121893 0.020350168778428008
196 0.015594770265985039 0.020308077335357666
197 0.015583011779477579 0.02029718557106597
198 0.015569710859502726 0.020262009198112146
199 0.015711071787087562 0.02034694773278066
