0 0.13489044636549535 0.10430386662483215
1 0.07335634795748744 0.06455678255720572
2 0.059084016051574435 0.05312126790258018
3 0.05154144971646861 0.047004042701287704
4 0.04674291396629034 0.0430163349956274
5 0.04334524608686689 0.0401851719414646
6 0.040716369172234916 0.038025373592972755
7 0.038552054870789026 0.03628341633487831
8 0.03670822078542984 0.03482797335494648
9 0.03510437470164211 0.0335836090486158
10 0.03368975994819852 0.03250946273857897
11 0.0324377214878582 0.03157165968282656
12 0.03132017503631078 0.030748551203445953
13 0.03031864478714641 0.030020790005272083
14 0.02941636992656926 0.0293745044618845
15 0.02860192726943488 0.028799098323691975
16 0.027862697183577853 0.02828448104926131
17 0.027186743603934617 0.02781810967082327
18 0.02656757982836436 0.027394065548750488
19 0.025998300293937696 0.027010930871421642
20 0.025472676751303894 0.02666079549288208
21 0.024984620758986546 0.0263377632945776
22 0.02453166270274515 0.02603898197412491
23 0.02411026961520345 0.025761858898807655
24 0.023714911757799034 0.025504464622248302
25 0.02334533990995789 0.025265958583490414
26 0.022997908331145924 0.025041801092976875
27 0.022670849969548997 0.024829285134646027
28 0.022361976116672466 0.024626062082296066
29 0.022070461189112635 0.024437951516698708
30 0.02179465527850211 0.024259942668405445
31 0.021532352499409834 0.02409294501624324
32 0.02128239415031819 0.023931695995005695
33 0.021045290698751436 0.023777217011560093
34 0.020819420589726755 0.023632096126675606
35 0.020603598539394228 0.023493532768704674
36 0.020397820843245127 0.023360234346579422
37 0.020200229130208122 0.023234663192521442
38 0.020010926909860192 0.023115258155898613
39 0.0198296663657308 0.023001578805798836
40 0.019654558116400784 0.022890322672372513
41 0.01948633796000499 0.022783045064319263
42 0.019323737858332815 0.022682862102308056
43 0.019167894931233 0.022584370676089417
44 0.019016433662681048 0.02249101380055601
45 0.018870923854218225 0.022400968115438114
46 0.018729837218776715 0.022312965074723416
47 0.01859328012898072 0.022230139425532383
48 0.018461464941578586 0.022150262512943962
49 0.018333204568571543 0.022073608823120594
50 0.018209274858621158 0.02199666913260113
51 0.01808897491490607 0.021925447932021183
52 0.017972297295889516 0.021855487996204334
53 0.017859116940920756 0.02178769109939987
54 0.017749158174284418 0.02172372591766444
55 0.01764172213152051 0.02165963856334036
56 0.01753748541212956 0.02159927844662558
57 0.017436475935392083 0.021540746516124767
58 0.01733771845571358 0.02148390637541359
59 0.017241663595253587 0.0214287650517442
60 0.01714844267722989 0.021375630728223106
61 0.017057138053731116 0.021321544169702313
62 0.016967970488808496 0.021270976825193924
63 0.016880807233781915 0.021221765232357113
64 0.01679587006695907 0.02117388907142661
65 0.016712716276842086 0.02112730804153464
66 0.016632218879824582 0.021082603457299145
67 0.01655248091864007 0.021038030189546673
68 0.01647594889485439 0.020996820266273888
69 0.016399781829542825 0.02095471762798049
70 0.016326185527319195 0.020914285359057514
71 0.016253292818326687 0.020874379626051945
72 0.01618277915611032 0.020835732533173126
73 0.016113627146571597 0.020799755372784355
74 0.016045037483554025 0.020762317136607387
75 0.015978129555794512 0.020727010105143894
76 0.015912835368759592 0.020692727697843857
77 0.015848780727237156 0.020657613196156242
78 0.01578611445801779 0.020624733868647705
79 0.01572470034218647 0.020593393086032433
80 0.015664089175060483 0.02056116449900649
81 0.015605142873554098 0.02053092335435477
82 0.015546573747395853 0.020500765690072018
83 0.01548989365216006 0.020472844554619354
84 0.015433758886411693 0.020445976067673077
85 0.015378470523359854 0.020419642921875824
86 0.015324701854674347 0.0203937618908557
87 0.015270922590558964 0.02036798195066777
88 0.015218591659275953 0.020344990644265305
89 0.015167261941516233 0.020319911566647617
90 0.01511627967240412 0.020297428339042446
91 0.015066588173662736 0.020274607464671135
92 0.015017409038860813 0.02025330134413459
93 0.014969503717142934 0.020233677954159
94 0.014921735781090996 0.02021385661580346
95 0.014874911278751794 0.020195892673324455
96 0.014828293772572113 0.020175958729603073
97 0.01478277058330988 0.020156869241459804
98 0.01473804660062575 0.02013877262784676
99 0.014693251726398444 0.020120956426994366
100 0.014650023495489809 0.0201038879935037
101 0.014606915975820797 0.020086717961186714
102 0.014564559653820855 0.020070259797979485
103 0.014523024344720593 0.020054676993326706
104 0.01448233659525425 0.020038331689482384
105 0.014441549841868729 0.020023637959225613
106 0.014401607733019742 0.020008817145770245
107 0.014362001310348942 0.019993143325502224
108 0.014323178217130568 0.019978490150110287
109 0.014284593593483129 0.01996391969309612
110 0.014247203425577388 0.019950783388181167
111 0.014209904133299874 0.01993770982054147
112 0.014172479401107815 0.019925507124174725
113 0.01413591118791133 0.019913219254125248
114 0.014100360233059599 0.019901444966142826
115 0.01406445809907457 0.01988889759575779
116 0.014029299974256804 0.019876471381973137
117 0.013994533919309812 0.01986432033167644
118 0.01396013500163147 0.019854384813119064
119 0.013926272520368288 0.019844016652892937
120 0.013892661620601088 0.019834461452608757
121 0.013859406034731545 0.01982456301762299
122 0.013826659144564293 0.0198145332661542
123 0.013793810780163977 0.01980450859462673
124 0.013761954425356913 0.019795597276904366
125 0.013730443712835747 0.019787818447432735
126 0.01369864052865839 0.019778921861540188
127 0.01366799434479557 0.019771205346015366
128 0.013637651426983182 0.01976254099810665
129 0.013606872512816552 0.01975341539152644
130 0.013577474526048846 0.019744921983643013
131 0.013547541830911924 0.01973496377468109
132 0.013518315723573805 0.01972695245322856
133 0.013489283182492772 0.019718362018465996
134 0.013460799779893045 0.01970969352193854
135 0.01343280502040832 0.01970096186480739
136 0.01340460417722929 0.01969398134811358
137 0.013376723944732903 0.01968588629229502
138 0.013349623530179508 0.019677150147882374
139 0.013322187699512232 0.019668927246874027
140 0.013295261844249888 0.019662254066629845
141 0.013268494302279908 0.019653194583952427
142 0.013242572456721433 0.019646447236565025
143 0.013216111962856679 0.01963863979009065
144 0.01319022719047902 0.019632621160285038
145 0.01316458247611607 0.019623933529311962
146 0.013139761628752406 0.019618239931084892
147 0.013114335721604958 0.0196114420382814
148 0.013089570090509489 0.019605585119941017
149 0.01306462495708992 0.01960094484754584
150 0.013040365847424134 0.019595323384485462
151 0.013016079256815204 0.01958958999338475
152 0.012991679039560566 0.019583095881071957
153 0.012967938337425032 0.019578719257631085
154 0.012944067282840794 0.01957176202400164
155 0.012921193721588732 0.01956676954234188
156 0.012897987548869935 0.019561206159943886
157 0.012874873476353096 0.01955453789030964
158 0.012851964524650776 0.019548297182402828
159 0.012829606804885124 0.01954313765533946
160 0.01280735450833343 0.019538383253596046
161 0.012784839053311162 0.019533643414351074
162 0.012763210246435652 0.01952907908707857
163 0.01274117891136018 0.019523796371438286
164 0.012719968822207457 0.019519405947490173
165 0.012698734632100571 0.019514327360825104
166 0.012677421273128707 0.019510348496789284
167 0.012656548634664087 0.019504753026095303
168 0.012635957587448772 0.019500627267089756
169 0.012615120733707127 0.019494759003547104
170 0.012594882443293251 0.01949140632694418
171 0.012574626036923503 0.01948797694322738
172 0.01255436942552809 0.019483558325604958
173 0.012534997242787652 0.019480277022177524
174 0.012515280125778138 0.019476222805678844
175 0.012495254832204462 0.019473016854714264
176 0.012476050474369237 0.019469129598953507
177 0.01245693271134957 0.019465501843528313
178 0.012438033323846603 0.01946145778691227
179 0.012418730127094083 0.019458083520558746
180 0.012400176685326541 0.019455876624719662
181 0.012381669934184776 0.01945138621059331
182 0.012362596352126696 0.019447013820436867
183 0.012344927180169751 0.019444090060212395
184 0.01232636616467152 0.019440773959186943
185 0.012308435061415426 0.01943852058188482
186 0.012290626941806798 0.019434914585541595
187 0.012272997124963402 0.01943426646969535
188 0.012255193718732143 0.019430669109252365
189 0.012237654014659876 0.019427358426830986
190 0.012220531032412997 0.01942402513867075
191 0.01220357581667125 0.019423024559562855
192 0.01218631113446433 0.01942017903043465
193 0.012169413485810592 0.01941787984899499
194 0.012152333583390294 0.019415313547307796
195 0.012136002744390237 0.019412927752868694
196 0.012119683021321615 0.01941044501621615
197 0.012103064352173112 0.019407819787209683
198 0.012087098992244949 0.01940605476159941
199 0.012070507331739741 0.019402610561387104
