0 0.5141701500524174 0.42212303389202466
1 0.2851264435397692 0.259449150074612
2 0.22781149061504474 0.21359430118040604
3 0.19852638820971338 0.1893133277242834
4 0.17896137382404123 0.17300793664021927
5 0.16432762023307815 0.16075308959592471
6 0.15283948647181603 0.15119075301018628
7 0.14356470014438155 0.14357649399475617
8 0.13596067593148178 0.13739477775313638
9 0.12960229474312265 0.13226580653678288
10 0.12418596923874675 0.12790211493318732
11 0.11953297382420745 0.12416401674801653
12 0.11549280628962211 0.12090876088901
13 0.11195553094302574 0.11806344850496812
14 0.10884446166763621 0.11557651446624236
15 0.1060701503549233 0.11336786672472954
16 0.10358452634070038 0.1113756194033406
17 0.10134001726607893 0.10957410457459363
18 0.09930683556513106 0.1079555672000755
19 0.09745940210928848 0.10650776089592413
20 0.09576075182350213 0.10517958958040584
21 0.0941932048186783 0.10396839712153781
22 0.09274722018841007 0.10285655612295325
23 0.09140279544055585 0.10184606740420515
24 0.09015127069986432 0.10091890631751581
25 0.08897420082410629 0.10006855394352566
26 0.08786834009253412 0.09925656528635458
27 0.08683110355391851 0.098510165783492
28 0.08584864448971492 0.09781479056585919
29 0.08492130738921648 0.09716069224205884
30 0.08404470331551245 0.09654168242757971
31 0.08321011603679046 0.09597413817589934
32 0.08242236177383129 0.09544425762512466
33 0.081668926710032 0.09495360709049484
34 0.08095056849247045 0.09448155117305843
35 0.08027219723155798 0.09404554285786369
36 0.07961395303757231 0.09362512860785831
37 0.07898751868720143 0.09322123974561691
38 0.07838487970250205 0.09283679215745493
39 0.07781185573351777 0.09248075871305032
40 0.07725844637775593 0.09213928031650456
41 0.076726223067342 0.0918105888095769
42 0.07621287550961922 0.0914894041012634
43 0.0757216303001258 0.0911844355816191
44 0.07524391792268177 0.09089478342370554
45 0.07478376320170715 0.09061439707875252
46 0.07433546702415983 0.09033598005771637
47 0.07390329356590086 0.09008092873475769
48 0.07348646992617403 0.08983380212025209
49 0.07308183934477981 0.08959635042331436
50 0.07268649007478528 0.0893635715950619
51 0.0723066861533429 0.08913766287944534
52 0.0719353799877519 0.08893194083463062
53 0.07157772038255103 0.08870164067907767
54 0.07123115406302381 0.08850728584961458
55 0.07089184353528313 0.08830257674509828
56 0.07056150957403227 0.08812219920483502
57 0.07024085593278989 0.08793309838934378
58 0.06992635322072782 0.08775050430135294
59 0.06962509789419445 0.08758513392372565
60 0.06932561552105856 0.08741072362119501
61 0.06903594511999818 0.08723949200727722
62 0.06875103956380905 0.08707644113085487
63 0.0684720833908982 0.08691713789647276
64 0.0682059262094111 0.08676898648793047
65 0.06794064919471987 0.08663398061286319
66 0.06767756345812694 0.08647467399185355
67 0.06742631474140386 0.08633609759536656
68 0.06717675478420844 0.08620277555151419
69 0.06693271442955313 0.08606129308993166
70 0.06669398734253669 0.08592428063804453
71 0.06645863509067326 0.08579706299034032
72 0.06623251888947176 0.08567624776200815
73 0.06600542382283275 0.08553338897499171
74 0.06578411741166815 0.08541582727974112
75 0.06556741716417153 0.08529866148125041
76 0.06535506495774901 0.08520270376042886
77 0.06514957160496515 0.08508273044770415
78 0.06494536600575959 0.08497801964933221
79 0.06474405422668196 0.0848648798736659
80 0.06454678060687032 0.0847556699406017
81 0.06435702830583842 0.08466126837513664
82 0.06416588769378988 0.08455734158104117
83 0.0639794286794591 0.08445480533621529
84 0.06379533357810506 0.08437146415764635
85 0.06361796946518801 0.08426382121714679
86 0.06344180455477523 0.08418423343788493
87 0.06327116800980134 0.08409738913178444
88 0.06310248742849867 0.084006245163354
89 0.06293024794190875 0.08391482924873178
90 0.06276387531572014 0.08382670174945485
91 0.06260391378559726 0.08374012938954613
92 0.06244329379117193 0.08366923474452713
93 0.06228462418633675 0.08358763564716686
94 0.062135811892823 0.0835260393267328
95 0.06197558931760059 0.08341648395765912
96 0.061827804417588 0.08334354548291727
97 0.06167430935335184 0.08326979218558832
98 0.061529317991577154 0.08318644389510155
99 0.061386453825210734 0.0831089002842253
100 0.061242191350349216 0.08304183049635454
101 0.0611029414267641 0.08297283134677193
102 0.060964487890197226 0.0828998363153501
103 0.060829006251686614 0.08282705531878905
104 0.060694304387246774 0.08274716883897781
105 0.06056104812247694 0.08268110318617387
106 0.06042996126280959 0.08261785893277689
107 0.06030477629512672 0.08253870498050343
108 0.06017617375997842 0.08248853006146172
109 0.060049877045599144 0.0824224583127282
110 0.059924889276620034 0.0823641883378679
111 0.05980211753967749 0.0822984284975312
112 0.05968297825325742 0.08225180852142247
113 0.059566218046517655 0.0821790441193364
114 0.059447850742615944 0.0821352404626933
115 0.059333486391677834 0.08207728239622983
116 0.059223347642143404 0.0820109871300784
117 0.05910790167240934 0.08196546103466641
118 0.05899842320133216 0.0819042558697137
119 0.058888443280781105 0.08184818483211777
120 0.05877468389774526 0.08179477466778322
121 0.05866927412715702 0.08174724470485341
122 0.058558613326677604 0.0816919898444956
123 0.058451054650089464 0.08164582164450125
124 0.058342514532687496 0.0815999646755782
125 0.058242838998317475 0.08154693990945816
126 0.05813886938262577 0.08150779659097845
127 0.05803559641931052 0.08144767446951433
128 0.057934995694470796 0.08140305158766833
129 0.05783520304513248 0.08136079934510318
130 0.05773504258649162 0.08130767806009813
131 0.05764203608759548 0.08125556294213641
132 0.05754409352363634 0.08121056075800549
133 0.057449088802114745 0.08115586401386694
134 0.057358279151549514 0.08112185753204605
135 0.05726373559787623 0.08107193931937218
136 0.057170101052750485 0.08104703168977391
137 0.057080102586456814 0.08099081367254257
138 0.05699038461835916 0.08093772828578949
139 0.05689646829042799 0.080902215432037
140 0.05682045951916659 0.08086990565061569
141 0.05672428119419651 0.0808301374993541
142 0.056643827388078466 0.08080250600522215
143 0.05656389890100099 0.08076596226204526
144 0.05649228238785439 0.0807321501726454
145 0.056491214602662265 0.08069035851142624
146 0.05637706107698566 0.08067877116528424
147 0.05628487422123305 0.08065013248812068
148 0.056253159990580365 0.08056415820663626
149 0.056083016266107316 0.0805206959220496
150 0.05599657514571282 0.08051587438041513
151 0.05599818022321325 0.08050921288403598
152 0.05596021285496098 0.08042584393512119
153 0.055731991530696225 0.08037918839942325
154 0.055688385598453856 0.08037165179848671
155 0.05559017712881496 0.08030318434942853
156 0.05549204119304118 0.08026358011094006
157 0.055404829591789766 0.08023254268548706
158 0.05532993826830437 0.0801998149942268
159 0.05526484575291926 0.0801817425950007
160 0.055194401764118474 0.08015524833039804
161 0.05511248195928729 0.08009704608808864
162 0.05503281995207687 0.08005937561392784
163 0.05496111553208518 0.0800537873398174
164 0.0549654524473181 0.08003948087042029
165 0.054955301014321646 0.07996759495951912
166 0.054795617359297825 0.07991000434214418
167 0.054705514685704934 0.07989917526190932
168 0.05484188043489313 0.07994062148711899
169 0.05465393056554243 0.07982973822138527
170 0.054493180580036944 0.07977960834448988
171 0.05440982807627764 0.07973701506853104
172 0.0543381974139551 0.07971671223640442
173 0.054265968109026924 0.0796636390415105
174 0.05418552300423261 0.07962836088104681
175 0.054114958080501596 0.07960998639464378
176 0.054066504334861584 0.07959728552536531
177 0.05399944846603003 0.07955232736739246
178 0.05393527390835576 0.0795218280770562
179 0.053930567899980575 0.07949459315700964
180 0.0539608318212419 0.07947987148707564
181 0.0538990205276973 0.07951921969652176
182 0.05407787911855608 0.07954845103350552
183 0.05375432950282885 0.07940574701536786
184 0.05357396508882607 0.0793382420458577
185 0.053573470868262626 0.07935537804256786
186 0.05345277425809956 0.07928641377524896
187 0.05336501367220824 0.07925909317352554
188 0.053301518753725144 0.07924055409702388
189 0.053248734278835294 0.07921176945621317
190 0.053175955943855616 0.07917821034789085
191 0.05310477081701652 0.07914429361169989
192 0.05303658659008047 0.07911927456205542
193 0.05297646647673254 0.07908821580084888
194 0.05291006152849059 0.07907365397973494
195 0.05285357247176003 0.07905073294585402
196 0.0528196680190211 0.07905976067889821
197 0.052767633615169396 0.07902096313509074
198 0.052703689474396964 0.07897483997724274
199 0.05274685664441098 0.07893883267586882
