0 0.1340756638722171 0.10414572872898796
1 0.07378850417165471 0.06482161903245882
2 0.05936475505605956 0.053311641243371094
3 0.051677737247260394 0.04713866639543663
4 0.046812768063454094 0.04306435635821386
5 0.043353189821624435 0.04017339460551739
6 0.04067222692576537 0.03797346692193638
7 0.03846458599841114 0.03620177405801686
8 0.036586269768616876 0.03473207913339138
9 0.0349599925460571 0.033484757115895096
10 0.03354086322124955 0.03241268494589762
11 0.03229125332383608 0.03148079426451163
12 0.031183832564606707 0.03066250698810274
13 0.030195833533840668 0.02993383961306377
14 0.02930827915210523 0.02928563452918421
15 0.028507742877618588 0.02870650166137652
16 0.027782492822013057 0.02818849936804988
17 0.027121401337467994 0.02771910660984841
18 0.026514873525112375 0.027291854504834522
19 0.025958098499835585 0.026899382556703957
20 0.025442574729119267 0.026539543728259476
21 0.024966083022896664 0.026209596798501232
22 0.02452382781939227 0.02590302572670308
23 0.024111854192831607 0.025615956718948753
24 0.02372517206009539 0.025348556058650665
25 0.02336484501657869 0.02510133944451809
26 0.02302625432575876 0.024868241003291172
27 0.02270546552748227 0.02465101941065355
28 0.022402882541545228 0.02444600085304542
29 0.022117181044372092 0.024256232533265244
30 0.021845568599533443 0.024077782407402992
31 0.021586364558667005 0.02390706945549358
32 0.021340324923834832 0.023744919675995003
33 0.021106148904289527 0.023590971800413998
34 0.02088216453567455 0.02344547864049673
35 0.020668586119932452 0.023307351480153473
36 0.020463156578715985 0.023172496310011906
37 0.020266448069279165 0.02304830232804472
38 0.02007777560829408 0.022931986827064644
39 0.019896353597845112 0.022818050685931335
40 0.019721914486659397 0.022705721160904926
41 0.01955424040817648 0.02260081944140521
42 0.019391983674554355 0.02249942779202353
43 0.01923510475480575 0.022402220066975464
44 0.019083776185289024 0.022307430563325233
45 0.018937588475205866 0.022217431190339
46 0.01879655513681533 0.022133298302915962
47 0.01865897203876429 0.022051871838894756
48 0.018526435333635072 0.021976906975561924
49 0.018397296402480237 0.021900546906346626
50 0.018272571599549682 0.021827943707731636
51 0.01815127419107709 0.021758581427010624
52 0.0180339848232063 0.021690188060429962
53 0.017919066403838536 0.02162529993802309
54 0.017808632456990006 0.021562280556695027
55 0.017700274523601612 0.021501432003622704
56 0.0175953031017268 0.021442273377694866
57 0.01749243530163865 0.021386353214356033
58 0.017392313647784353 0.021329343488270588
59 0.01729499725432497 0.021275965666229076
60 0.017200043674727734 0.02122450814667073
61 0.01710768601903307 0.021174431609159165
62 0.017017359173210136 0.021125596439973873
63 0.01692916824470836 0.02107878461141478
64 0.016842461748949197 0.021033426577394657
65 0.016758558949771192 0.020988353358750992
66 0.01667582096199097 0.02094579767435789
67 0.01659544995737701 0.02090436609631235
68 0.016516643868805456 0.020862153900617905
69 0.016439896835156616 0.020824166861447422
70 0.016364465578947954 0.02078589026562192
71 0.016290576706932902 0.02074556408280676
72 0.01621791395033548 0.020708638497374275
73 0.01614751671508247 0.020673434758050876
74 0.01607827451849772 0.02064012609083544
75 0.016009862195461803 0.02060730450532653
76 0.01594301244880896 0.020573778755285523
77 0.01587736881520861 0.02054216331717643
