0 0.5126223058308944 0.422258275476369
1 0.28158130313862456 0.257627436383204
2 0.22586662692656695 0.21236967566338452
3 0.19765588930107592 0.1881583190777085
4 0.17850175176339209 0.1719551756978035
5 0.16418178239606382 0.16006975485519928
6 0.15297724244392608 0.15086514096368442
7 0.14391395999657466 0.14349557256156747
8 0.13640430111376461 0.13741537928581238
9 0.13006287584743223 0.13227677954868836
10 0.12464718668729313 0.12791564010761
11 0.11997449455305564 0.12413299388506195
12 0.11590758802076756 0.1208543824878606
13 0.11234672363262531 0.1180059899660674
14 0.10920269429098722 0.11549906161698428
15 0.10641219053602169 0.11327757483178919
16 0.10392369237104969 0.11126132478768175
17 0.10168052607115881 0.10944846374067393
18 0.0996504884736597 0.10783456841653044
19 0.09779883932845651 0.10636773366819728
20 0.09610780581431694 0.10503411022099582
21 0.09455743027266023 0.10382038287141106
22 0.09312673034454304 0.10270755500956015
23 0.09180087880808706 0.10167594321749428
24 0.09056419870115755 0.10072396797212688
25 0.08941158262304653 0.09984426200389862
26 0.08832673280969386 0.09903460368514061
27 0.08731392701271891 0.09826637736775658
28 0.08634963980914394 0.0975539047609676
29 0.08544377279044553 0.09688017043200406
30 0.08458455091973474 0.09624959494579922
31 0.08376645001405773 0.09564990143884312
32 0.08298908181196032 0.09509737891229716
33 0.08224844694876474 0.0945604382590814
34 0.0815424261052808 0.09406227550723335
35 0.08086634944693362 0.09359670193357901
36 0.0802193298497168 0.0931518470699137
37 0.07959726422655682 0.09271583502942865
38 0.07900211782664184 0.09230724315751683
39 0.0784293604806866 0.09192813255570152
40 0.07787364289965018 0.09156286682594907
41 0.07734092763848295 0.09120917455716566
42 0.07682790406248417 0.09088940918445587
43 0.07633170169693503 0.09055824103680524
44 0.07585546666263672 0.0902727022767067
45 0.07539319212448375 0.08996514434164221
46 0.07494954108299057 0.08971176465803926
47 0.07452042717332683 0.08943452415141193
48 0.07410216012446225 0.08918434313752434
49 0.0736984551037577 0.08893529732118953
50 0.07330221213662058 0.0887055518952283
51 0.07292581025803507 0.08849119530482726
52 0.07255348692424904 0.08827516334978017
53 0.07219789930473058 0.0880768329582431
54 0.0718450377595203 0.08788177438757637
55 0.07150937431330277 0.08770943331447514
56 0.0711796845332527 0.087525663389401
57 0.07086031192929045 0.08734986490824005
58 0.07054824952790437 0.0871798267418688
59 0.07024117237926761 0.08701605044982651
60 0.06994916113355189 0.08686333962462166
61 0.0696578440048601 0.08672746270895004
62 0.06937469101611002 0.08657908270304854
63 0.06909922538710035 0.08644468506628816
64 0.06883126108499228 0.08630237999287518
65 0.06856981566606844 0.08616975931958719
66 0.06830475299180416 0.08604158901355484
67 0.06805266588695409 0.08591722189025446
68 0.06780115330730342 0.08578006720001047
69 0.06756407073968329 0.08568218316544186
70 0.06731792917967705 0.08558341793038628
71 0.06708890890610243 0.0854719914495945
72 0.06685860738512282 0.08535840565508063
73 0.06663376361608875 0.08522661978548224
74 0.06641570875298017 0.08513901585882361
75 0.06619502036670638 0.08503740111535246
76 0.06597660473617148 0.0849359231916341
77 0.06575995011424476 0.0848202488639138
78 0.06555906363555099 0.08473546735265038
79 0.06535294640055003 0.08463732999834148
80 0.06515754318819189 0.08455920354886488
81 0.06496482598402899 0.08445108072324232
82 0.0647671262487338 0.08438694815744054
83 0.0645810408602384 0.08429331535642798
84 0.0643960148842682 0.08421743390235034
85 0.06421676158196916 0.0841247717087919
86 0.06403461509530456 0.08406500586054542
87 0.0638529428735006 0.0839702771468596
88 0.0636759817815763 0.08390757746317169
89 0.0635157031137958 0.08383995328437198
90 0.06334703915621623 0.08377068049528381
91 0.0631767747200225 0.08369282565333626
92 0.06300806760218394 0.08362680233337662
93 0.06285039836094398 0.08354987237941135
94 0.06269661487534273 0.08348692784255202
95 0.0625408883545209 0.08342009579593485
96 0.06238195736053562 0.08335610038854858
97 0.06223117795672791 0.08329798382791606
98 0.06208342367259801 0.08321200548247858
99 0.061937410577608286 0.0831644507971677
100 0.061791962554508986 0.0830917890098962
101 0.061647776070951434 0.08303483135320923
102 0.06150158169671647 0.08298193494027312
103 0.06136320267057369 0.08291756768118251
104 0.06123038966531966 0.08287184990265152
105 0.061090809642529685 0.08281413973732428
106 0.06095451836989931 0.08277036554434082
107 0.06081927050413056 0.08271098780361089
108 0.060689131596148756 0.08264445140957832
109 0.06058988582481407 0.0826170722191984
110 0.06046330682579274 0.08256328715519472
111 0.06031812460138655 0.0824781974608248
112 0.06027968168366423 0.08240666748447852
113 0.06014475543205896 0.08235247941179709
114 0.060194642097527576 0.0823669166050174
115 0.05988263375364429 0.082292302088304
116 0.05980547249455713 0.08218307962471788
117 0.059656770185621315 0.08213582634925842
118 0.05949191118952287 0.08210830661383542
119 0.05934381633150307 0.08204742521047592
120 0.05922171468269234 0.08199483562599529
121 0.05913489974481015 0.08196245438673279
122 0.059013678455987005 0.08191892199895599
123 0.05890104101493585 0.08185304701328278
124 0.05878131357137083 0.08178424056280743
125 0.05871207680060597 0.08176632056182082
126 0.058602412388282864 0.08175231109965932
127 0.0584899244529834 0.08168895407156511
128 0.05841999495217253 0.08161682804877107
129 0.05834920437898764 0.08159970627589659
130 0.058197039608989865 0.08156978914683516
131 0.058098819083726605 0.08151866326277907
132 0.05796453407388334 0.08142814920707182
133 0.057905668054884375 0.08143617720766501
134 0.057757062421849935 0.08138998665592888
135 0.057716263517398725 0.08132176304405386
136 0.05755600581976993 0.08127775110981682
137 0.057564609415428944 0.08128890090368011
138 0.05742501752789725 0.08122968775304881
139 0.05734810179468891 0.08114235001531514
140 0.057234891149992785 0.08113234388557347
141 0.05711102082340185 0.08110258423469284
142 0.05704915447406902 0.08104129440405151
143 0.05690122254900942 0.0809838202866641
144 0.05682075744156133 0.0809758837250146
145 0.05672796717498544 0.08094486323269931
146 0.05666376947356034 0.0808866721662608
147 0.05654984886935058 0.0808424519544298
148 0.05653791120506761 0.08086122877218506
149 0.05641482716179953 0.08082880079746246
150 0.05647520385066832 0.08078108524734323
151 0.056287822143505674 0.08072871511632745
152 0.05612466936038176 0.08070422742854465
153 0.05603605047838131 0.08065330237150192
154 0.0559571204737814 0.08060284568504854
155 0.05591295522845481 0.08061475171284242
156 0.055833860305099445 0.08060868016698143
157 0.055796156286392826 0.08054168691689317
158 0.055627996540697645 0.08046255125240846
159 0.05555957999649989 0.0804714486002922
160 0.055478876125652436 0.08044634928757494
161 0.05545413975473031 0.08039729127829726
162 0.055305516090982956 0.08034590293060649
163 0.0552397048562642 0.08036114851182158
164 0.05513777345311174 0.08031649515032768
165 0.05521734493653759 0.08028653128580614
166 0.05510468097357464 0.08025639063932678
167 0.05495928595504485 0.0802357250993902
168 0.05487104549249711 0.08017829534682361
169 0.05482976828694097 0.0801134705543518
170 0.054749658448267575 0.08011896535754204
171 0.054664345264958204 0.08012980290434578
172 0.054622959215501865 0.08006856861439618
173 0.054494910618705934 0.07999235290017995
174 0.05440918105877628 0.07999766008420424
175 0.054343142715275045 0.08001945472576401
176 0.05429627707936178 0.07995180176063017
177 0.05423728712518846 0.079891118474982
178 0.05417605416064174 0.07989665425636551
179 0.054108504757808505 0.07989086481657895
180 0.05412341394453995 0.07985244792970744
181 0.05396314049524463 0.07976649938659235
182 0.053836089901410596 0.07978884333913977
183 0.05388164069457364 0.07975119724869728
184 0.05375299519004901 0.07969973608851433
185 0.05364285257283198 0.07968812435865402
186 0.05362479450750696 0.07968924330039458
187 0.05350700940721291 0.07964094050905922
188 0.05358314386314966 0.0796229439702901
189 0.05344008748719761 0.07954988493160768
190 0.05337100789212614 0.07958448508923704
191 0.0533008704570022 0.07951496744697745
192 0.05336883645504713 0.07948422296480699
193 0.05326246659864079 0.07946637746962634
194 0.05307568271898411 0.07943033189936118
195 0.053038707525615604 0.07936805418946526
196 0.05292489816827222 0.07932773435657675
197 0.052871062779752925 0.0793298723345453
198 0.052830593955264356 0.07935119352557442
199 0.052773971653212445 0.07927671311931177
