0 0.2607869137725062 0.22363257543607193
1 0.15645209738661436 0.14038597724654459
2 0.15473493058850205 0.1388653042641553
3 0.15198595899749887 0.1362452202222564
4 0.13834585410288788 0.12309306318109686
5 0.1142092230260249 0.09710270911455154
6 0.10453592141366695 0.08986225521022623
7 0.09208582999754297 0.08031797696920959
8 0.08496182109575626 0.07529181716116992
9 0.08193326741303048 0.0726869876750491
10 0.07871048598096145 0.06984686716036363
11 0.07612427451747877 0.06773104874247854
12 0.07437644018984038 0.0663924388248812
13 0.07297884419575826 0.06535569663074883
14 0.07158244143524939 0.06428092159330845
15 0.06984455120049356 0.06288118829781358
16 0.06717111452074706 0.06064615280113437
17 0.06330565307828144 0.057287356054241005
18 0.05897326689475208 0.053348451514135704
19 0.054838688162055386 0.049672849984331566
20 0.051424300699871923 0.04675975932993672
21 0.04818848581476645 0.044244986535473305
22 0.04547384230974169 0.042292939837683334
23 0.043544560055871886 0.04092798856171695
24 0.04205104468490405 0.03987548060037873
25 0.040777111404829404 0.038987219841642815
26 0.03962377332158633 0.038190636445175515
27 0.03855263152821682 0.03746735270727764
28 0.03754028260750188 0.03679930571128021
29 0.03658443592692733 0.03617816198278557
30 0.035686393270138186 0.03560511937195605
31 0.034853107908409675 0.035073994235558945
32 0.03407591736032666 0.034577371552586555
33 0.033353496302488794 0.03413051959465851
34 0.03268085848501583 0.03370666436173699
35 0.03204774298004744 0.03331092711199413
36 0.03145320549768912 0.03292685154486786
37 0.030885317456554467 0.032560853456909004
38 0.03034034427640236 0.03221102719279853
39 0.02980902247969831 0.031861590390855614
40 0.029299066088177755 0.031524982642043724
41 0.028803465914265983 0.031196753663772888
42 0.02831834047005227 0.030880556949837643
43 0.027848929852201058 0.03056947844610973
44 0.027394419067446912 0.03026731727136807
45 0.026954099468209525 0.029971874234351246
46 0.026526420683530737 0.029683322137729687
47 0.026115131829788307 0.029398561370643703
48 0.025718868750316853 0.029121733270585537
49 0.02533478074445397 0.02884962054138834
50 0.024964650058810992 0.028585334901105274
51 0.02460758890456343 0.028332239016890526
52 0.024260441317369253 0.028081868097863415
53 0.023926186655293995 0.027841392904520035
54 0.023602882289512406 0.027603811499747364
55 0.02328679219450155 0.0273776479404081
56 0.022978379482726668 0.027158730748024853
57 0.022681523612815856 0.02694667528637431
58 0.022393598402888813 0.026739974590865048
59 0.022111706557098685 0.026537423276088455
60 0.02183668650686741 0.02633716936477206
61 0.021568606760399033 0.02613919931040569
62 0.021308895844719872 0.02595474181527441
63 0.021056823523845986 0.025768101977353745
64 0.020810529757252595 0.025591562840748917
65 0.020571522103922733 0.025423681363463402
66 0.0203383084026758 0.025256144983524628
67 0.020110145567008103 0.025095252320170403
68 0.01988740581595762 0.024937651204791935
69 0.019670250584671565 0.02478680717335506
70 0.019458759417718907 0.024635694921016693
71 0.019248947477514648 0.02449083294380795
72 0.019045369300129247 0.024341455491429024
73 0.018846381667708932 0.024206953885203056
74 0.018651375704645062 0.024071165868504482
75 0.01846061234558694 0.023942615328864617
76 0.018273876874692247 0.023812360299581833
77 0.018092077228717876 0.023695078678429127
78 0.017914614976145143 0.023566359484737568
79 0.017740915985470097 0.02344535265795209
80 0.017571011103866697 0.02332747278904373
81 0.017403708819553932 0.02321230958808552
82 0.01724250464861797 0.023101093416864223
83 0.017085194308118324 0.02299239494922486
84 0.016927532291363092 0.022885285317897797
85 0.01677597657515675 0.022778205065564675
86 0.01662530216199831 0.022676525891504505
87 0.01648018297793205 0.022581743415106426
88 0.01633694588884034 0.022485436194322327
89 0.016196561248372654 0.02239052824337374
90 0.01606057517515295 0.022296127524565567
91 0.01592777519667721 0.022206773388792168
92 0.015794642607696845 0.02212215722961859
93 0.015667554515910388 0.022034711204469204
94 0.015541096792021413 0.021950794976543297
95 0.015417053760125586 0.021871052174405617
96 0.015298069436160832 0.021790463900701565
97 0.015179925613597897 0.021710785529152912
98 0.015064166645203863 0.02164055991240523
99 0.014953593938026484 0.021565750071948223
100 0.014843804667384386 0.021489644592458553
101 0.014733912980026173 0.021426491016014057
102 0.014630567736842877 0.021350751546296207
103 0.014525621900169471 0.021287603303790092
104 0.014422572346130955 0.021225977689027786
105 0.014320262352751245 0.02117177336053415
106 0.014223083610115341 0.02110429285940799
107 0.014125120339526464 0.02103531521491029
108 0.014032075117719322 0.02096710294823755
109 0.0139382005900083 0.020917732183906166
110 0.01385959605926894 0.020842577500099487
111 0.013768974675177327 0.02078888760032979
112 0.013677412251680166 0.020740325477990238
113 0.013600745757133508 0.02071106205271049
114 0.013508177193339669 0.020634770054708828
115 0.013415108769766463 0.020571892911737614
116 0.013334192200429152 0.020524421706795692
117 0.01325918369337701 0.02044557026502761
118 0.013175881581288601 0.020408920605074276
119 0.01310615112777984 0.02035439149899916
120 0.0130495383488861 0.02029806087640199
121 0.01297318296909163 0.02037677134979855
122 0.012914083491960802 0.02021858087656173
123 0.012817529269998263 0.020151095210828564
124 0.012745509991491568 0.020120713013139637
125 0.012660156392149843 0.020082976669073105
126 0.0125828829825825 0.020053719085725872
127 0.01250875442392724 0.01998131883076646
128 0.012446136318516633 0.019929197278212418
129 0.012378329159364812 0.019928326406939464
130 0.012315740503470821 0.019858617420223625
131 0.012251767091075928 0.019791704263876785
132 0.012195364796664289 0.019761135293678803
133 0.012123449074974176 0.019711477343331684
134 0.012077564832635132 0.019686722111972896
135 0.011989923141615788 0.019618870859796352
136 0.011977474149297307 0.01960896065627987
137 0.011896264348236828 0.01952671649103815
138 0.011830415428242808 0.019547572867436844
139 0.011778403607520374 0.01944945464757356
140 0.011695860148395973 0.01945360309698365
141 0.01164914325672425 0.019397348588840527
142 0.011584267326176536 0.019343104806136
143 0.011561694173123072 0.019342152401804924
144 0.011495574014184396 0.0192660495469516
145 0.011434678921441371 0.019276592033830555
146 0.011370925058914764 0.019192022186788647
147 0.011343007333949977 0.019207213327965954
148 0.011290574696084315 0.019110638986934315
149 0.011198598432954985 0.019121727990833195
150 0.011140272420954174 0.019061588089574467
151 0.011087042927330221 0.019054213115437466
152 0.011055121038971116 0.018982552499933678
153 0.010995946986377547 0.018975841558792374
154 0.01096113818064563 0.018920211121439934
155 0.010919876106579842 0.0188840754668821
156 0.010915467334422476 0.0188745590434833
157 0.010809700910486896 0.01881537213921547
158 0.010778790772873293 0.01881186757236719
159 0.010750656898425939 0.018765248104252598
160 0.010682640663128778 0.01876991038972681
161 0.01062768270475174 0.018703546883030372
162 0.010598763517943048 0.018697844056243248
163 0.010575566929380201 0.018615843601186167
164 0.010531876440456306 0.01862348937852816
165 0.010453042416825644 0.018566624430770225
166 0.010471103786421587 0.018593687183138998
167 0.010401700233967498 0.018522304482758045
168 0.010375655871384955 0.018531646113842726
169 0.010296842645303431 0.018454843497073107
170 0.010257850991839096 0.01847297219898213
171 0.01022754430045443 0.018417290242558174
172 0.01017549813644237 0.018422575752166184
173 0.010134266413197937 0.018341528632762758
174 0.01009181438115895 0.01835661233318123
175 0.010037086285893181 0.018286961130797863
176 0.010012494611519212 0.018327775030312212
177 0.009955410608032733 0.018257831731303173
178 0.009977684762956159 0.018246873112564736
179 0.0099924633718165 0.018171121450987728
180 0.009851939792259913 0.01819863636046648
181 0.009839028465342207 0.018197351008314978
